LAYER 2 16 Tanh
W 0 0 -548,1151311437402
W 0 1 1081,9420390488988
W 1 0 -617,747540283359
W 1 1 -141,95131446056428
W 2 0 -578,4692430785875
W 2 1 -595,5430062204379
W 3 0 92,62808420630041
W 3 1 427,8790533147589
W 4 0 -2210,8089885400896
W 4 1 -101,66149557538672
W 5 0 493,8068911534656
W 5 1 -623,6720400402304
W 6 0 685,1307244504444
W 6 1 773,1877324620663
W 7 0 1600,3034891330678
W 7 1 -937,902622920702
W 8 0 1258,9635612186237
W 8 1 443,42066976074256
W 9 0 -560,9255196166464
W 9 1 270,04162350257565
W 10 0 2121,743146132942
W 10 1 1446,9034483528494
W 11 0 879,041089548154
W 11 1 442,76712512334853
W 12 0 1244,3675239161403
W 12 1 2396,183954542069
W 13 0 -1286,614800690675
W 13 1 56,1830857408418
W 14 0 -2834,8971590453857
W 14 1 -1939,5631063323463
W 15 0 155,93862715483803
W 15 1 -2,0134381947140527
B 0 155,8678495775784
B 1 586,9652647133786
B 2 -28,270772716971713
B 3 395,550468388585
B 4 -12,847823252733987
B 5 -264,91946405928627
B 6 152,97194898511333
B 7 221,78750156410754
B 8 -435,4697202651892
B 9 -374,04779825087974
B 10 -1804,9030406755053
B 11 88,8665813091341
B 12 4,015814944091415
B 13 843,8818109774901
B 14 -171,56589913489648
B 15 573,2086802184807
LAYER 16 1 Sigmoid
W 0 0 1405,328901449737
W 0 1 -463,33125962667623
W 0 2 -1580,9345643296342
W 0 3 254,73115765058807
W 0 4 -516,6766487814384
W 0 5 771,6176742751652
W 0 6 -1193,7240026857035
W 0 7 2059,2684456143397
W 0 8 190,44260770085637
W 0 9 1417,006792149936
W 0 10 1310,3766713817904
W 0 11 -2361,5746422325824
W 0 12 -706,0954059858763
W 0 13 -394,9037282346703
W 0 14 -460,2992160862564
W 0 15 2006,2890487623647
B 0 -8,595941309303276
